Summary over eval data set (likely rbf rangesame) with 2 reps
        ----------------------------
        Model: TNP-D
        Params: 1058818
        Mean_LLs: [0.3183174975638394, 0.31831749749107985]
        Std_LLs: [0.48021760191086593, 0.480217602929382]
        Mean_RMSEs: [0.24145426889299415, 0.24145426810719073]
        Std_RMSEs: [0.1933168102164114, 0.1933168099550874]
        Mean_GT_LLs: [0.4589963387243188, 0.4589963400794659]
        Std_GT_LLs: [0.47341106554181345, 0.4734110633416977]
        