Summary over eval data set RBF
        ----------------------------
        Model: IncTNP-Prior (Batched) - Best Greedy
        Params: 1058946
        Mean_LLs: [0.379262066737283]
        Std_LLs: [0.49539266097474827]
        Mean_RMSEs: [0.23565000694361515]
        Std_RMSEs: [0.1949867825504052]
        Mean_GT_LLs: [0.4589963799999168]
        Std_GT_LLs: [0.4734110801920584]
        Times: [79.60950684547424]
        
        ----------------------------
        Model: IncTNP-Prior (Batched) - Worst
        Params: 1058946
        Mean_LLs: [0.379262066737283]
        Std_LLs: [0.49539266097474827]
        Mean_RMSEs: [0.23565000694361515]
        Std_RMSEs: [0.1949867825504052]
        Mean_GT_LLs: [0.4589963819762488]
        Std_GT_LLs: [0.4734110709130431]
        Times: [56.51767945289612]
        