Summary over eval data set RBF
--------------------
Model: IncTNP
        mean_ll: 0.37532391981803814
         std_ll: 0.5480593600120218
      mean_rmse: 0.22368171834386885
       std_rmse: 0.2096312495468975
     mean_gt_ll: 0.4589964243941722
      std_gt_ll: 0.47341107595738485
  total_samples: 40960
   shuffle_time: 0.9689688682556152
 inference_time: 2.6008009910583496
      stat_time: 0.11606502532958984
       mean_lls: [0.37483600713312626, 0.3756785671612306, 0.3753850586435874, 0.3757727498013992, 0.37582010138066835, 0.37474475132330554, 0.3756426364998333, 0.37580235324458044, 0.3750398180454795, 0.374517138916417]
--------------------
Model: IncTNP (Batched)
        mean_ll: 0.4001648561526963
         std_ll: 0.5352042601025966
      mean_rmse: 0.2202617371920496
       std_rmse: 0.20829686632080732
     mean_gt_ll: 0.4589964243941722
      std_gt_ll: 0.47341107595738485
  total_samples: 40960
   shuffle_time: 0.9522826671600342
 inference_time: 2.43845796585083
      stat_time: 0.07863068580627441
       mean_lls: [0.39993846636934904, 0.4004895068719634, 0.400417323828151, 0.39874284103279933, 0.400827034827671, 0.40029726122156717, 0.4005742726585595, 0.39994033850962296, 0.40029627603507834, 0.4001252356028999]