Summary over eval data set (likely rbf rangesame) with 1 reps
        ----------------------------
        Model: TNP-D
        Params: 1058818
        Mean_LLs: [0.3183174978767056]
        Std_LLs: [0.48021759840113554]
        Mean_RMSEs: [0.24145426898030564]
        Std_RMSEs: [0.19331681147840457]
        Mean_GT_LLs: [0.45899641185587825]
        Std_GT_LLs: [0.47341105580539544]
        