Summary over eval data set RBF
        ----------------------------
        Model: IncTNP
        Params: 1058818
        Mean_LLs: [0.3745082914829254, 0.37557685375213623, 0.3749084174633026, 0.37480637431144714, 0.3757741451263428, 0.3735526204109192, 0.37458521127700806, 0.3746162950992584, 0.37549659609794617, 0.3745337426662445]
        Std_LLs: [0.509788453578949, 0.505818247795105, 0.507967472076416, 0.5076766014099121, 0.5058939456939697, 0.5109912753105164, 0.5080271363258362, 0.508269190788269, 0.5081524848937988, 0.5100846290588379]
        Mean_RMSEs: [0.23471559584140778, 0.23479902744293213, 0.23478928208351135, 0.23495841026306152, 0.2346269190311432, 0.2351117730140686, 0.2348477989435196, 0.2348027378320694, 0.2349908947944641, 0.23447757959365845]
        Std_RMSEs: [0.1976739913225174, 0.19709481298923492, 0.19701053202152252, 0.19758470356464386, 0.19722603261470795, 0.19770251214504242, 0.19737175107002258, 0.19738370180130005, 0.1975378692150116, 0.19737175107002258]
        Mean_GT_LLs: [0.45899641513824463, 0.45899641513824463, 0.45899641513824463, 0.45899641513824463, 0.45899641513824463, 0.45899641513824463, 0.45899641513824463, 0.45899641513824463, 0.45899641513824463, 0.45899641513824463]
        Std_GT_LLs: [0.47433844208717346, 0.47433844208717346, 0.47433844208717346, 0.47433844208717346, 0.47433844208717346, 0.47433844208717346, 0.47433844208717346, 0.47433844208717346, 0.47433844208717346, 0.47433844208717346]
        Times: [2.0691418647766113, 1.7376432418823242, 1.7457826137542725, 1.7386176586151123, 1.741459846496582, 1.747938632965088, 1.7402889728546143, 1.7384717464447021, 1.749410629272461, 1.7366013526916504]
        