Summary over eval data set RBF
        ----------------------------
        Model: IncTNP-Prior (Batched)
        Params: 1058946
        Mean_LLs: [0.3901527865746175]
        Std_LLs: [0.49887590311744856]
        Mean_RMSEs: [0.23277233928092755]
        Std_RMSEs: [0.19532845875273638]
        Mean_GT_LLs: [0.4589964161896205]
        Std_GT_LLs: [0.47341103648407157]
        
        ----------------------------
        Model: IncTNP-Prior (Batched) - Best Greedy
        Params: 1058946
        Mean_LLs: [0.379262066737283]
        Std_LLs: [0.49539266097474827]
        Mean_RMSEs: [0.23565000694361515]
        Std_RMSEs: [0.1949867825504052]
        Mean_GT_LLs: [0.45899641843243444]
        Std_GT_LLs: [0.473411031540293]
        