Summary over eval data set RBF
        ----------------------------
        Model: IncTNP
        Params: 1058818
        Mean_LLs: [0.3751297873823205, 0.3743665673646319, 0.3742974343986134, 0.37599704975582426, 0.3751468115442549, 0.37535117277820973, 0.37501741237792885, 0.37491654221958015, 0.3757009546352492, 0.3746922646823805]
        Std_LLs: [0.5066249464103181, 0.507050060284594, 0.508466424468971, 0.5061574129057343, 0.5067851920082393, 0.5069447611441484, 0.5072842773898881, 0.5070560027061483, 0.5060991061809681, 0.5071686687993051]
        Mean_RMSEs: [0.23494085285346955, 0.2348155393556226, 0.23515815602149814, 0.23456251571769826, 0.234907782782102, 0.23501785038388334, 0.23517135850852355, 0.23496666795108467, 0.23491491543245502, 0.23512527160346508]
        Std_RMSEs: [0.19694837893481126, 0.1971075566824118, 0.19702490682584706, 0.19722573347850123, 0.19706198903561972, 0.19702674634012987, 0.19726544155285766, 0.19697091300734712, 0.19695632390104378, 0.19701489381720705]
        Mean_GT_LLs: [0.45899625015044876, 0.45899625514721265, 0.45899625514721265, 0.45899625514721265, 0.45899625514721265, 0.45899625514721265, 0.45899625514721265, 0.45899625514721265, 0.45899625514721265, 0.45899625514721265]
        Std_GT_LLs: [0.47341100192863467, 0.473410995557611, 0.473410995557611, 0.473410995557611, 0.473410995557611, 0.473410995557611, 0.473410995557611, 0.473410995557611, 0.473410995557611, 0.473410995557611]
        Times: [15.249536991119385, 1.8119170665740967, 1.8060307502746582, 1.811859130859375, 1.8082466125488281, 1.8145248889923096, 1.8229799270629883, 1.79597806930542, 1.795149564743042, 1.8046588897705078]
        